{
    "animation": [
        {
            "name": "Root",
            "time": [0.0, 0.0167, 0.0333, 0.05, 0.0667, 0.0833, 0.1, 0.1167, 0.1333, 0.15, 0.1667, 0.1833, 0.2, 0.2167, 0.2333, 0.25, 0.2667, 0.2833, 0.3, 0.3167, 0.3333, 0.35, 0.3667, 0.3833, 0.4, 0.4167, 0.4333, 0.45, 0.4667, 0.4833, 0.5, 0.5167, 0.5333, 0.55, 0.5667, 0.5833, 0.6, 0.6167, 0.6333, 0.65, 0.6667, 0.6833, 0.7, 0.7167, 0.7333, 0.75, 0.7667, 0.7833, 0.8, 0.8167, 0.8333, 0.85, 0.8667, 0.8833, 0.9, 0.9167, 0.9333, 0.95, 0.9667, 0.9833, 1.0, 1.0167, 1.0333, 1.05, 1.0667, 1.0833, 1.1, 1.1167, 1.1333, 1.15, 1.1667, 1.1833, 1.2, 1.2167, 1.2333, 1.25, 1.2667, 1.2833, 1.3, 1.3167, 1.3333, 1.35, 1.3667, 1.3833, 1.4, 1.4167, 1.4333, 1.45, 1.4667, 1.4833, 1.5, 1.5167, 1.5333, 1.55, 1.5667, 1.5833, 1.6, 1.6167, 1.6333, 1.65, 1.6667, 1.6833, 1.7, 1.7167, 1.7333, 1.75, 1.7667, 1.7833, 1.8, 1.8167, 1.8333, 1.85, 1.8667, 1.8833, 1.9, 1.9167, 1.9333, 1.95, 1.9667, 1.9833, 2.0, 2.0167, 2.0333, 2.05, 2.0667, 2.0833, 2.1, 2.1167, 2.1333, 2.15, 2.1667, 2.1833, 2.2, 2.2167, 2.2333, 2.25, 2.2667, 2.2833, 2.3, 2.3167, 2.3333, 2.35],
            "transform": [
                [0.817652, 0.233735, -0.526131, -5e-06, -0.574838, 0.381814, -0.723726, 0.001008, 0.031724, 0.894196, 0.446551, 0.596763, 0.0, 0.0, 0.0, 1.0],
                [0.814282, 0.224083, -0.535473, 0.004043, -0.579702, 0.361329, -0.730333, 0.011926, 0.029826, 0.905112, 0.424125, 0.60734, 0.0, 0.0, 0.0, 1.0],
                [0.804128, 0.19832, -0.5604, 0.015322, -0.593902, 0.308717, -0.742949, 0.041349, 0.025664, 0.930249, 0.366031, 0.633782, 0.0, 0.0, 0.0, 1.0],
                [0.786846, 0.160946, -0.595793, 0.032536, -0.61679, 0.238027, -0.750276, 0.084282, 0.02106, 0.957831, 0.28656, 0.668156, 0.0, 0.0, 0.0, 1.0],
                [0.761682, 0.117763, -0.63716, 0.054388, -0.6477, 0.16579, -0.743639, 0.135729, 0.018061, 0.979104, 0.202554, 0.702531, 0.0, 0.0, 0.0, 1.0],
                [0.72744, 0.076887, -0.68185, 0.079582, -0.685884, 0.110258, -0.71931, 0.190693, 0.019874, 0.990925, 0.132941, 0.728973, 0.0, 0.0, 0.0, 1.0],
                [0.682592, 0.048827, -0.729167, 0.106821, -0.730111, 0.088877, -0.677524, 0.244179, 0.031724, 0.994845, 0.096316, 0.73955, 0.0, 0.0, 0.0, 1.0],
                [0.622583, 0.033714, -0.781827, 0.134979, -0.780976, 0.09018, -0.618016, 0.292109, 0.049669, 0.995355, 0.082474, 0.73955, 0.0, 0.0, 0.0, 1.0],
                [0.544072, 0.023026, -0.838723, 0.163612, -0.836514, 0.092369, -0.540103, 0.334082, 0.065036, 0.995459, 0.069517, 0.73955, 0.0, 0.0, 0.0, 1.0],
                [0.448088, 0.016188, -0.893843, 0.192446, -0.890592, 0.095171, -0.444734, 0.370614, 0.077868, 0.995329, 0.057062, 0.73955, 0.0, 0.0, 0.0, 1.0],
                [0.337159, 0.012708, -0.941362, 0.221206, -0.937309, 0.098185, -0.334382, 0.402224, 0.088178, 0.995087, 0.045015, 0.73955, 0.0, 0.0, 0.0, 1.0],
                [0.215651, 0.012073, -0.976396, 0.24962, -0.971739, 0.100972, -0.213374, 0.429429, 0.096013, 0.994816, 0.033507, 0.73955, 0.0, 0.0, 0.0, 1.0],
                [0.089578, 0.013697, -0.995885, 0.277413, -0.990792, 0.103145, -0.087701, 0.452745, 0.10152, 0.994572, 0.02281, 0.73955, 0.0, 0.0, 0.0, 1.0],
                [-0.034124, 0.01692, -0.999274, 0.30431, -0.993888, 0.104455, 0.035708, 0.47269, 0.104983, 0.994386, 0.013252, 0.73955, 0.0, 0.0, 0.0, 1.0],
                [-0.148588, 0.02106, -0.988675, 0.330039, -0.983113, 0.104844, 0.149985, 0.489781, 0.106815, 0.994266, 0.005125, 0.73955, 0.0, 0.0, 0.0, 1.0],
                [-0.247908, 0.02547, -0.968449, 0.354325, -0.9628, 0.104458, 0.249209, 0.504536, 0.107509, 0.994203, -0.001374, 0.73955, 0.0, 0.0, 0.0, 1.0],
                [-0.327548, 0.02959, -0.944371, 0.376894, -0.93869, 0.103611, 0.328824, 0.517471, 0.107577, 0.994178, -0.006161, 0.73955, 0.0, 0.0, 0.0, 1.0],
                [-0.38792, 0.034044, -0.921064, 0.397514, -0.915446, 0.101926, 0.389321, 0.529056, 0.107134, 0.994209, -0.008374, 0.739099, 0.0, 0.0, 0.0, 1.0],
                [-0.433593, 0.039508, -0.900242, 0.416125, -0.894818, 0.098961, 0.435324, 0.539568, 0.106287, 0.994307, -0.007557, 0.737875, 0.0, 0.0, 0.0, 1.0],
                [-0.467208, 0.045638, -0.882969, 0.432706, -0.877847, 0.095063, 0.469412, 0.549234, 0.105361, 0.994425, -0.004351, 0.736072, 0.0, 0.0, 0.0, 1.0],
                [-0.491242, 0.052145, -0.869461, 0.447238, -0.864727, 0.090608, 0.494001, 0.558284, 0.10454, 0.994521, 0.000581, 0.733882, 0.0, 0.0, 0.0, 1.0],
                [-0.507965, 0.058765, -0.859371, 0.459703, -0.855085, 0.085974, 0.511311, 0.566947, 0.103931, 0.994563, 0.006577, 0.7315, 0.0, 0.0, 0.0, 1.0],
                [-0.519471, 0.065236, -0.851994, 0.47008, -0.848184, 0.081528, 0.52339, 0.57545, 0.103605, 0.994534, 0.01298, 0.729117, 0.0, 0.0, 0.0, 1.0],
                [-0.527723, 0.071287, -0.84642, 0.47835, -0.843072, 0.077614, 0.532172, 0.584022, 0.103631, 0.994432, 0.019141, 0.726927, 0.0, 0.0, 0.0, 1.0],
                [-0.534602, 0.076632, -0.841623, 0.484494, -0.838669, 0.074557, 0.539514, 0.592892, 0.104093, 0.994268, 0.024411, 0.725124, 0.0, 0.0, 0.0, 1.0],
                [-0.541942, 0.080969, -0.836506, 0.488493, -0.83382, 0.072659, 0.547234, 0.602288, 0.105089, 0.994065, 0.028137, 0.7239, 0.0, 0.0, 0.0, 1.0],
                [-0.551535, 0.083993, -0.829913, 0.490327, -0.827297, 0.072215, 0.557105, 0.612439, 0.106725, 0.993846, 0.029658, 0.723449, 0.0, 0.0, 0.0, 1.0],
                [-0.564735, 0.086197, -0.820759, 0.49103, -0.818081, 0.072539, 0.57051, 0.623518, 0.108713, 0.993634, 0.029551, 0.723939, 0.0, 0.0, 0.0, 1.0],
                [-0.581416, 0.088286, -0.808803, 0.49165, -0.806042, 0.072742, 0.587372, 0.635471, 0.110691, 0.993436, 0.028868, 0.72533, 0.0, 0.0, 0.0, 1.0],
                [-0.60109, 0.09027, -0.794067, 0.492192, -0.791205, 0.072815, 0.607201, 0.648189, 0.112632, 0.993252, 0.027654, 0.727501, 0.0, 0.0, 0.0, 1.0],
                [-0.62325, 0.092158, -0.776574, 0.492662, -0.773595, 0.072747, 0.629492, 0.661565, 0.114506, 0.993083, 0.025953, 0.730332, 0.0, 0.0, 0.0, 1.0],
                [-0.647376, 0.093957, -0.756357, 0.493066, -0.753248, 0.072533, 0.653725, 0.67549, 0.116283, 0.99293, 0.023817, 0.733703, 0.0, 0.0, 0.0, 1.0],
                [-0.672944, 0.095671, -0.733481, 0.493407, -0.730232, 0.072168, 0.679377, 0.689854, 0.117931, 0.992793, 0.021297, 0.737495, 0.0, 0.0, 0.0, 1.0],
                [-0.699432, 0.097306, -0.708044, 0.493692, -0.704651, 0.071649, 0.705927, 0.704548, 0.119421, 0.992672, 0.018453, 0.741586, 0.0, 0.0, 0.0, 1.0],
                [-0.726336, 0.098863, -0.680193, 0.493925, -0.676654, 0.070975, 0.732873, 0.719465, 0.120731, 0.992567, 0.015345, 0.745858, 0.0, 0.0, 0.0, 1.0],
                [-0.75317, 0.100347, -0.650127, 0.494111, -0.646444, 0.070145, 0.75973, 0.734495, 0.12184, 0.992477, 0.012038, 0.75019, 0.0, 0.0, 0.0, 1.0],
                [-0.779491, 0.101761, -0.618093, 0.494256, -0.614272, 0.06916, 0.786058, 0.74953, 0.122737, 0.992402, 0.008599, 0.754461, 0.0, 0.0, 0.0, 1.0],
                [-0.804896, 0.103107, -0.58439, 0.494366, -0.58044, 0.068023, 0.811457, 0.764461, 0.123419, 0.992342, 0.005096, 0.758553, 0.0, 0.0, 0.0, 1.0],
                [-0.829038, 0.104391, -0.549363, 0.494444, -0.545297, 0.066735, 0.835583, 0.779178, 0.123889, 0.992295, 0.001598, 0.762344, 0.0, 0.0, 0.0, 1.0],
                [-0.851631, 0.105618, -0.513391, 0.494496, -0.509225, 0.065299, 0.858153, 0.793574, 0.12416, 0.992261, -0.001828, 0.765716, 0.0, 0.0, 0.0, 1.0],
                [-0.872455, 0.106794, -0.476884, 0.494528, -0.472636, 0.063717, 0.878952, 0.807539, 0.124253, 0.992237, -0.005115, 0.768547, 0.0, 0.0, 0.0, 1.0],
                [-0.891354, 0.10793, -0.440272, 0.494545, -0.435964, 0.061991, 0.897827, 0.820966, 0.124195, 0.992224, -0.008202, 0.770718, 0.0, 0.0, 0.0, 1.0],
                [-0.90824, 0.109035, -0.403994, 0.494551, -0.399648, 0.060121, 0.914695, 0.833744, 0.124022, 0.992218, -0.011029, 0.772108, 0.0, 0.0, 0.0, 1.0],
                [-0.923086, 0.110122, -0.368491, 0.494551, -0.364132, 0.058107, 0.929533, 0.845765, 0.123774, 0.992218, -0.013539, 0.772599, 0.0, 0.0, 0.0, 1.0],
                [-0.936132, 0.109804, -0.334068, 0.49448, -0.329773, 0.055729, 0.942414, 0.856952, 0.122098, 0.99239, -0.015959, 0.772172, 0.0, 0.0, 0.0, 1.0],
                [-0.947678, 0.106902, -0.300796, 0.494263, -0.296678, 0.052917, 0.95351, 0.86735, 0.11785, 0.99286, -0.018433, 0.770967, 0.0, 0.0, 0.0, 1.0],
                [-0.957821, 0.101751, -0.26875, 0.493897, -0.264901, 0.049869, 0.962985, 0.877036, 0.111387, 0.993559, -0.020811, 0.769095, 0.0, 0.0, 0.0, 1.0],
                [-0.966639, 0.094695, -0.237996, 0.493378, -0.234489, 0.046748, 0.970994, 0.886087, 0.103074, 0.994408, -0.022983, 0.766667, 0.0, 0.0, 0.0, 1.0],
                [-0.974207, 0.086087, -0.208595, 0.492703, -0.20548, 0.043684, 0.977687, 0.894579, 0.093278, 0.995329, -0.024868, 0.763793, 0.0, 0.0, 0.0, 1.0],
                [-0.980594, 0.076286, -0.180603, 0.491868, -0.177911, 0.04078, 0.983202, 0.90259, 0.082369, 0.996252, -0.026417, 0.760587, 0.0, 0.0, 0.0, 1.0],
                [-0.985876, 0.065658, -0.154071, 0.49087, -0.151813, 0.038111, 0.987674, 0.910196, 0.07072, 0.997114, -0.027605, 0.757157, 0.0, 0.0, 0.0, 1.0],
                [-0.990136, 0.054574, -0.129045, 0.489705, -0.127218, 0.035729, 0.991232, 0.917474, 0.058706, 0.99787, -0.028434, 0.753617, 0.0, 0.0, 0.0, 1.0],
                [-0.993465, 0.043407, -0.105567, 0.488369, -0.104152, 0.033666, 0.993992, 0.924501, 0.0467, 0.99849, -0.028925, 0.750076, 0.0, 0.0, 0.0, 1.0],
                [-0.995962, 0.032533, -0.083675, 0.486858, -0.082641, 0.031936, 0.996068, 0.931353, 0.035077, 0.99896, -0.029118, 0.746647, 0.0, 0.0, 0.0, 1.0],
                [-0.997739, 0.022329, -0.063401, 0.48517, -0.062707, 0.030537, 0.997565, 0.938107, 0.02421, 0.999284, -0.029068, 0.74344, 0.0, 0.0, 0.0, 1.0],
                [-0.998911, 0.01317, -0.044772, 0.483301, -0.044369, 0.029458, 0.998581, 0.944841, 0.01447, 0.999479, -0.028842, 0.740567, 0.0, 0.0, 0.0, 1.0],
                [-0.999599, 0.005432, -0.02781, 0.481246, -0.027643, 0.028677, 0.999206, 0.95163, 0.006225, 0.999574, -0.028515, 0.738138, 0.0, 0.0, 0.0, 1.0],
                [-0.999922, -0.000511, -0.012533, 0.479002, -0.012543, 0.028165, 0.999525, 0.958552, -0.000158, 0.999603, -0.028169, 0.736266, 0.0, 0.0, 0.0, 1.0],
                [-0.999991, -0.004287, 0.001042, 0.476566, 0.000922, 0.027892, 0.999611, 0.965683, -0.004315, 0.999602, -0.027887, 0.735061, 0.0, 0.0, 0.0, 1.0],
                [-0.999902, -0.005526, 0.012901, 0.473934, 0.012743, 0.027827, 0.999532, 0.9731, -0.005883, 0.999597, -0.027753, 0.734635, 0.0, 0.0, 0.0, 1.0],
                [-0.99972, -0.005327, 0.023084, 0.471117, 0.02292, 0.029017, 0.999316, 0.980875, -0.005993, 0.999565, -0.028887, 0.734982, 0.0, 0.0, 0.0, 1.0],
                [-0.999484, -0.005028, 0.031744, 0.468182, 0.031566, 0.032229, 0.998982, 0.989061, -0.006046, 0.999468, -0.032053, 0.735935, 0.0, 0.0, 0.0, 1.0],
                [-0.999227, -0.004631, 0.039041, 0.46521, 0.038844, 0.03701, 0.99856, 0.997703, -0.00607, 0.999304, -0.036802, 0.737358, 0.0, 0.0, 0.0, 1.0],
                [-0.998973, -0.004149, 0.045136, 0.462283, 0.044917, 0.042911, 0.998069, 1.006849, -0.006078, 0.99907, -0.04268, 0.739117, 0.0, 0.0, 0.0, 1.0],
                [-0.998733, -0.003604, 0.050187, 0.459482, 0.049948, 0.049481, 0.997525, 1.016545, -0.006078, 0.998769, -0.049238, 0.741078, 0.0, 0.0, 0.0, 1.0],
                [-0.998518, -0.003023, 0.054356, 0.456888, 0.054101, 0.056269, 0.996949, 1.02684, -0.006072, 0.998411, -0.056022, 0.743106, 0.0, 0.0, 0.0, 1.0],
                [-0.998325, -0.002435, 0.057805, 0.454584, 0.057538, 0.062828, 0.996365, 1.037779, -0.006058, 0.998021, -0.062583, 0.745067, 0.0, 0.0, 0.0, 1.0],
                [-0.998155, -0.001871, 0.060694, 0.452649, 0.060422, 0.068708, 0.995805, 1.049411, -0.006033, 0.997635, -0.068468, 0.746826, 0.0, 0.0, 0.0, 1.0],
                [-0.998001, -0.001361, 0.063186, 0.451167, 0.062916, 0.073462, 0.995312, 1.061781, -0.005997, 0.997297, -0.07323, 0.748249, 0.0, 0.0, 0.0, 1.0],
                [-0.997856, -0.000936, 0.065445, 0.450218, 0.065181, 0.076642, 0.994926, 1.074937, -0.005947, 0.997058, -0.076417, 0.749202, 0.0, 0.0, 0.0, 1.0],
                [-0.997711, -0.000624, 0.067633, 0.449884, 0.06738, 0.077802, 0.99469, 1.088926, -0.005883, 0.996969, -0.077581, 0.749549, 0.0, 0.0, 0.0, 1.0],
                [-0.997556, -0.000408, 0.069877, 0.450054, 0.069634, 0.077754, 0.994538, 1.103772, -0.005839, 0.996972, -0.077536, 0.748847, 0.0, 0.0, 0.0, 1.0],
                [-0.997394, -0.000244, 0.072159, 0.450518, 0.071922, 0.077624, 0.994386, 1.119406, -0.005844, 0.996983, -0.077404, 0.746941, 0.0, 0.0, 0.0, 1.0],
                [-0.997227, -0.000118, 0.074427, 0.451201, 0.074194, 0.077427, 0.994234, 1.135738, -0.00588, 0.996998, -0.077203, 0.744131, 0.0, 0.0, 0.0, 1.0],
                [-0.99706, -1.8e-05, 0.076629, 0.452031, 0.076399, 0.077178, 0.994087, 1.152678, -0.005932, 0.997017, -0.07695, 0.74072, 0.0, 0.0, 0.0, 1.0],
                [-0.996898, 6.9e-05, 0.078712, 0.452934, 0.078484, 0.076893, 0.993946, 1.170133, -0.005984, 0.997039, -0.07666, 0.737008, 0.0, 0.0, 0.0, 1.0],
                [-0.996745, 0.000156, 0.080624, 0.453837, 0.080399, 0.076588, 0.993816, 1.188013, -0.00602, 0.997063, -0.076351, 0.733295, 0.0, 0.0, 0.0, 1.0],
                [-0.996607, 0.000254, 0.082314, 0.454667, 0.082093, 0.076278, 0.993702, 1.206228, -0.006026, 0.997087, -0.07604, 0.729884, 0.0, 0.0, 0.0, 1.0],
                [-0.996489, 0.000379, 0.083729, 0.45535, 0.083516, 0.075979, 0.993606, 1.224685, -0.005985, 0.997109, -0.075743, 0.727075, 0.0, 0.0, 0.0, 1.0],
                [-0.996397, 0.000541, 0.084817, 0.455814, 0.084615, 0.075705, 0.993534, 1.243295, -0.005883, 0.99713, -0.075478, 0.725168, 0.0, 0.0, 0.0, 1.0],
                [-0.996336, 0.000756, 0.085527, 0.455985, 0.08534, 0.075474, 0.993489, 1.261965, -0.005704, 0.997148, -0.075262, 0.724466, 0.0, 0.0, 0.0, 1.0],
                [-0.9963, 0.001973, 0.085919, 0.455891, 0.085824, 0.075254, 0.993464, 1.280604, -0.004506, 0.997162, -0.075145, 0.724556, 0.0, 0.0, 0.0, 1.0],
                [-0.996273, 0.004922, 0.086113, 0.455628, 0.086239, 0.075005, 0.993447, 1.299113, -0.001569, 0.997171, -0.07515, 0.724826, 0.0, 0.0, 0.0, 1.0],
                [-0.99624, 0.009286, 0.086143, 0.455229, 0.086598, 0.074726, 0.993437, 1.317391, 0.002788, 0.997161, -0.075249, 0.725276, 0.0, 0.0, 0.0, 1.0],
                [-0.996182, 0.014745, 0.086047, 0.454722, 0.086911, 0.074416, 0.993433, 1.335338, 0.008244, 0.997118, -0.075413, 0.725907, 0.0, 0.0, 0.0, 1.0],
                [-0.996087, 0.02098, 0.08586, 0.454139, 0.087192, 0.074075, 0.993434, 1.352852, 0.014482, 0.997032, -0.075614, 0.726718, 0.0, 0.0, 0.0, 1.0],
                [-0.995943, 0.027673, 0.085618, 0.45351, 0.087451, 0.073702, 0.993438, 1.369834, 0.021181, 0.996896, -0.075823, 0.72771, 0.0, 0.0, 0.0, 1.0],
                [-0.995753, 0.034505, 0.085359, 0.452866, 0.087701, 0.073299, 0.993447, 1.386182, 0.028022, 0.996713, -0.076013, 0.728882, 0.0, 0.0, 0.0, 1.0],
                [-0.995521, 0.041157, 0.085118, 0.452238, 0.087954, 0.072863, 0.993457, 1.401797, 0.034685, 0.996492, -0.076157, 0.730235, 0.0, 0.0, 0.0, 1.0],
                [-0.995263, 0.04731, 0.084935, 0.451655, 0.088223, 0.072396, 0.993467, 1.416577, 0.040852, 0.996253, -0.076227, 0.73177, 0.0, 0.0, 0.0, 1.0],
                [-0.995002, 0.052648, 0.084846, 0.451148, 0.08852, 0.071898, 0.993476, 1.430422, 0.046205, 0.996022, -0.076199, 0.733485, 0.0, 0.0, 0.0, 1.0],
                [-0.994767, 0.056853, 0.08489, 0.450748, 0.088859, 0.071367, 0.993484, 1.443231, 0.050425, 0.995829, -0.076046, 0.735382, 0.0, 0.0, 0.0, 1.0],
                [-0.994588, 0.059609, 0.085105, 0.450486, 0.089254, 0.070805, 0.993489, 1.454905, 0.053195, 0.995707, -0.075742, 0.73746, 0.0, 0.0, 0.0, 1.0],
                [-0.994491, 0.060596, 0.085527, 0.450392, 0.089719, 0.070212, 0.993489, 1.465341, 0.054197, 0.99569, -0.075262, 0.739719, 0.0, 0.0, 0.0, 1.0],
                [-0.994424, 0.06034, 0.086485, 0.450456, 0.090619, 0.069526, 0.993456, 1.474486, 0.053932, 0.995754, -0.074606, 0.742136, 0.0, 0.0, 0.0, 1.0],
                [-0.994313, 0.059578, 0.088276, 0.450673, 0.092307, 0.068682, 0.993359, 1.482467, 0.053119, 0.995858, -0.073791, 0.744586, 0.0, 0.0, 0.0, 1.0],
                [-0.994152, 0.058313, 0.090896, 0.451079, 0.094778, 0.067681, 0.993195, 1.489457, 0.051764, 0.996001, -0.072812, 0.746923, 0.0, 0.0, 0.0, 1.0],
                [-0.993933, 0.056549, 0.094337, 0.451714, 0.098029, 0.066521, 0.992958, 1.495629, 0.049876, 0.996181, -0.071661, 0.748997, 0.0, 0.0, 0.0, 1.0],
                [-0.993646, 0.05429, 0.098593, 0.452613, 0.102056, 0.065204, 0.99264, 1.501157, 0.047462, 0.996394, -0.070331, 0.750662, 0.0, 0.0, 0.0, 1.0],
                [-0.993277, 0.051538, 0.103658, 0.453814, 0.106856, 0.063732, 0.99223, 1.506213, 0.044531, 0.996635, -0.068811, 0.751769, 0.0, 0.0, 0.0, 1.0],
                [-0.992811, 0.048294, 0.109524, 0.455355, 0.112424, 0.062108, 0.991718, 1.510971, 0.041092, 0.9969, -0.067091, 0.752171, 0.0, 0.0, 0.0, 1.0],
                [-0.992228, 0.044563, 0.116178, 0.457256, 0.118754, 0.060338, 0.991089, 1.515575, 0.037156, 0.997183, -0.065161, 0.752162, 0.0, 0.0, 0.0, 1.0],
                [-0.991512, 0.040355, 0.123591, 0.459475, 0.125822, 0.058436, 0.99033, 1.520047, 0.032743, 0.997475, -0.063018, 0.752133, 0.0, 0.0, 0.0, 1.0],
                [-0.990644, 0.035685, 0.131728, 0.461951, 0.133599, 0.056419, 0.989429, 1.524384, 0.027875, 0.997769, -0.060658, 0.752086, 0.0, 0.0, 0.0, 1.0],
                [-0.989601, 0.030564, 0.140555, 0.464624, 0.142057, 0.054303, 0.988368, 1.528578, 0.022576, 0.998057, -0.058081, 0.752021, 0.0, 0.0, 0.0, 1.0],
                [-0.988365, 0.025008, 0.150034, 0.467435, 0.151166, 0.052107, 0.987135, 1.532626, 0.016868, 0.998328, -0.055281, 0.751938, 0.0, 0.0, 0.0, 1.0],
                [-0.986912, 0.019029, 0.16013, 0.470325, 0.160897, 0.049848, 0.985712, 1.53652, 0.010775, 0.998576, -0.052258, 0.751839, 0.0, 0.0, 0.0, 1.0],
                [-0.985223, 0.012643, 0.170805, 0.473232, 0.171218, 0.047545, 0.984085, 1.540255, 0.004321, 0.998789, -0.049007, 0.751723, 0.0, 0.0, 0.0, 1.0],
                [-0.983277, 0.005865, 0.182021, 0.476098, 0.182099, 0.045215, 0.982241, 1.543826, -0.002469, 0.99896, -0.045527, 0.751592, 0.0, 0.0, 0.0, 1.0],
                [-0.981053, -0.00129, 0.193738, 0.478862, 0.193506, 0.042877, 0.980162, 1.547227, -0.009571, 0.99908, -0.041815, 0.751446, 0.0, 0.0, 0.0, 1.0],
                [-0.97853, -0.008804, 0.205916, 0.481466, 0.205405, 0.04055, 0.977837, 1.550452, -0.016959, 0.999139, -0.037871, 0.751284, 0.0, 0.0, 0.0, 1.0],
                [-0.975691, -0.016661, 0.218516, 0.483848, 0.217764, 0.03825, 0.975252, 1.553497, -0.024607, 0.999129, -0.033692, 0.751109, 0.0, 0.0, 0.0, 1.0],
                [-0.972519, -0.024841, 0.231495, 0.48595, 0.230546, 0.035997, 0.972396, 1.556354, -0.032489, 0.999043, -0.029281, 0.75092, 0.0, 0.0, 0.0, 1.0],
                [-0.969007, -0.033306, 0.244779, 0.48773, 0.243682, 0.033811, 0.969266, 1.559019, -0.040559, 0.998873, -0.024647, 0.750719, 0.0, 0.0, 0.0, 1.0],
                [-0.965191, -0.041928, 0.258166, 0.489228, 0.256976, 0.031731, 0.965897, 1.561481, -0.04869, 0.998617, -0.019852, 0.750509, 0.0, 0.0, 0.0, 1.0],
                [-0.961131, -0.05056, 0.271424, 0.490502, 0.2702, 0.029791, 0.962344, 1.56373, -0.056742, 0.998277, -0.014972, 0.750294, 0.0, 0.0, 0.0, 1.0],
                [-0.956906, -0.05905, 0.284331, 0.491609, 0.283127, 0.028019, 0.958673, 1.565756, -0.064577, 0.997862, -0.010093, 0.750079, 0.0, 0.0, 0.0, 1.0],
                [-0.95261, -0.067249, 0.29667, 0.492607, 0.295537, 0.026433, 0.954965, 1.567549, -0.072062, 0.997386, -0.005306, 0.749868, 0.0, 0.0, 0.0, 1.0],
                [-0.948343, -0.075018, 0.30825, 0.49356, 0.307231, 0.025043, 0.951305, 1.569104, -0.079084, 0.996868, -0.000702, 0.749665, 0.0, 0.0, 0.0, 1.0],
                [-0.94419, -0.08227, 0.318962, 0.494558, 0.318091, 0.023844, 0.94776, 1.570431, -0.085577, 0.996325, 0.003656, 0.749472, 0.0, 0.0, 0.0, 1.0],
                [-0.94023, -0.088933, 0.328723, 0.495697, 0.32802, 0.022825, 0.944395, 1.571545, -0.09149, 0.995776, 0.007711, 0.749292, 0.0, 0.0, 0.0, 1.0],
                [-0.936545, -0.094934, 0.337448, 0.497072, 0.336924, 0.021975, 0.941275, 1.572461, -0.096774, 0.995241, 0.011405, 0.749129, 0.0, 0.0, 0.0, 1.0],
                [-0.933218, -0.100203, 0.345056, 0.498779, 0.344712, 0.021282, 0.938467, 1.573195, -0.10138, 0.994739, 0.01468, 0.748983, 0.0, 0.0, 0.0, 1.0],
                [-0.930331, -0.104669, 0.351467, 0.500914, 0.35129, 0.020734, 0.936037, 1.573761, -0.105261, 0.994291, 0.01748, 0.748858, 0.0, 0.0, 0.0, 1.0],
                [-0.927963, -0.108263, 0.356601, 0.503572, 0.356569, 0.020319, 0.934048, 1.574175, -0.108369, 0.993915, 0.019748, 0.748756, 0.0, 0.0, 0.0, 1.0],
                [-0.92619, -0.110916, 0.360376, 0.506848, 0.360456, 0.020029, 0.932561, 1.574452, -0.110653, 0.993628, 0.02143, 0.748681, 0.0, 0.0, 0.0, 1.0],
                [-0.925082, -0.112558, 0.362706, 0.51084, 0.362859, 0.019856, 0.931633, 1.574607, -0.112064, 0.993447, 0.022474, 0.748633, 0.0, 0.0, 0.0, 1.0],
                [-0.9247, -0.113121, 0.363503, 0.515642, 0.363681, 0.019798, 0.931313, 1.574656, -0.112547, 0.993384, 0.022833, 0.748617, 0.0, 0.0, 0.0, 1.0],
                [-0.926118, -0.110508, 0.360684, 0.521303, 0.360838, 0.019309, 0.932429, 1.574477, -0.110005, 0.993688, 0.021993, 0.748886, 0.0, 0.0, 0.0, 1.0],
                [-0.930041, -0.103322, 0.352632, 0.527687, 0.35272, 0.018036, 0.935555, 1.57397, -0.103023, 0.994484, 0.019669, 0.749638, 0.0, 0.0, 0.0, 1.0],
                [-0.935889, -0.092533, 0.339926, 0.534611, 0.339921, 0.016309, 0.940313, 1.573176, -0.092553, 0.995576, 0.01619, 0.75079, 0.0, 0.0, 0.0, 1.0],
                [-0.943042, -0.079113, 0.323131, 0.541891, 0.323026, 0.014478, 0.94628, 1.572138, -0.079542, 0.99676, 0.011902, 0.752258, 0.0, 0.0, 0.0, 1.0],
                [-0.95089, -0.064057, 0.302828, 0.549344, 0.302638, 0.012878, 0.953019, 1.570898, -0.064948, 0.997863, 0.00714, 0.753959, 0.0, 0.0, 0.0, 1.0],
                [-0.958888, -0.048385, 0.279631, 0.556787, 0.27939, 0.011805, 0.960105, 1.569499, -0.049755, 0.998759, 0.002199, 0.75581, 0.0, 0.0, 0.0, 1.0],
                [-0.966584, -0.033142, 0.254202, 0.564036, 0.253956, 0.011488, 0.967148, 1.567984, -0.034973, 0.999385, -0.002688, 0.757727, 0.0, 0.0, 0.0, 1.0],
                [-0.973644, -0.019394, 0.227249, 0.570908, 0.227047, 0.012081, 0.97381, 1.566394, -0.021631, 0.999739, -0.007359, 0.759628, 0.0, 0.0, 0.0, 1.0],
                [-0.979859, -0.008216, 0.19952, 0.577221, 0.199399, 0.013652, 0.979824, 1.564772, -0.010774, 0.999873, -0.011739, 0.76143, 0.0, 0.0, 0.0, 1.0],
                [-0.985092, -0.000395, 0.172034, 0.58279, 0.172005, 0.0161, 0.984965, 1.563174, -0.003159, 0.99987, -0.015792, 0.763051, 0.0, 0.0, 0.0, 1.0],
                [-0.989159, 0.00444, 0.146782, 0.587435, 0.14684, 0.018921, 0.98898, 1.561713, 0.001614, 0.999811, -0.019368, 0.764425, 0.0, 0.0, 0.0, 1.0],
                [-0.992005, 0.006988, 0.126003, 0.590977, 0.126127, 0.021549, 0.99178, 1.560513, 0.004215, 0.999743, -0.022258, 0.765486, 0.0, 0.0, 0.0, 1.0],
                [-0.993685, 0.007977, 0.111924, 0.593234, 0.112082, 0.023467, 0.993422, 1.559701, 0.005298, 0.999693, -0.024213, 0.76617, 0.0, 0.0, 0.0, 1.0],
                [-0.994253, 0.008145, 0.106744, 0.594026, 0.106913, 0.024205, 0.993974, 1.559403, 0.005512, 0.999674, -0.024937, 0.766412, 0.0, 0.0, 0.0, 1.0]
            ]
        },
        {
            "name": "Thigh_R",
            "time": [0.0, 0.0167, 0.0333, 0.05, 0.0667, 0.0833, 0.1, 0.1167, 0.1333, 0.15, 0.1667, 0.1833, 0.2, 0.2167, 0.2333, 0.25, 0.2667, 0.2833, 0.3, 0.3167, 0.3333, 0.35, 0.3667, 0.3833, 0.4, 0.4167, 0.4333, 0.45, 0.4667, 0.4833, 0.5, 0.5167, 0.5333, 0.55, 0.5667, 0.5833, 0.6, 0.6167, 0.6333, 0.65, 0.6667, 0.6833, 0.7, 0.7167, 0.7333, 0.75, 0.7667, 0.7833, 0.8, 0.8167, 0.8333, 0.85, 0.8667, 0.8833, 0.9, 0.9167, 0.9333, 0.95, 0.9667, 0.9833, 1.0, 1.0167, 1.0333, 1.05, 1.0667, 1.0833, 1.1, 1.1167, 1.1333, 1.15, 1.1667, 1.1833, 1.2, 1.2167, 1.2333, 1.25, 1.2667, 1.2833, 1.3, 1.3167, 1.3333, 1.35, 1.3667, 1.3833, 1.4, 1.4167, 1.4333, 1.45, 1.4667, 1.4833, 1.5, 1.5167, 1.5333, 1.55, 1.5667, 1.5833, 1.6, 1.6167, 1.6333, 1.65, 1.6667, 1.6833, 1.7, 1.7167, 1.7333, 1.75, 1.7667, 1.7833, 1.8, 1.8167, 1.8333, 1.85, 1.8667, 1.8833, 1.9, 1.9167, 1.9333, 1.95, 1.9667, 1.9833, 2.0, 2.0167, 2.0333, 2.05, 2.0667, 2.0833, 2.1, 2.1167, 2.1333, 2.15, 2.1667, 2.1833, 2.2, 2.2167, 2.2333, 2.25, 2.2667, 2.2833, 2.3, 2.3167, 2.3333, 2.35],
            "transform": [
                [0.995803, -0.009083, 0.091057, 0.124994, -0.091506, -0.106641, 0.990078, -0.002831, 0.000717, -0.994255, -0.107025, -1.2e-05, 0.0, 0.0, 0.0, 1.0],
                [0.995533, -0.004796, 0.09429, 0.124994, -0.093796, -0.164086, 0.981977, -0.002831, 0.010762, -0.986433, -0.163803, -1.2e-05, 0.0, 0.0, 0.0, 1.0],
                [0.994515, 0.00584, 0.104426, 0.124994, -0.097486, -0.309917, 0.945753, -0.002831, 0.037886, -0.950744, -0.307648, -1.2e-05, 0.0, 0.0, 0.0, 1.0],
                [0.99233, 0.019861, 0.122003, 0.124994, -0.095789, -0.500265, 0.860557, -0.00283, 0.078126, -0.865643, -0.494527, -1.2e-05, 0.0, 0.0, 0.0, 1.0],
                [0.988529, 0.033808, 0.147195, 0.124993, -0.084216, -0.685639, 0.723053, -0.002831, 0.125368, -0.727154, -0.674928, -1.2e-05, 0.0, 0.0, 0.0, 1.0],
                [0.983036, 0.044144, 0.178017, 0.124994, -0.065345, -0.822614, 0.564831, -0.00283, 0.171373, -0.566882, -0.805777, -1.2e-05, 0.0, 0.0, 0.0, 1.0],
                [0.97675, 0.051484, 0.208104, 0.124994, -0.050556, -0.888034, 0.456987, -0.00283, 0.208331, -0.456883, -0.864786, -1.2e-05, 0.0, 0.0, 0.0, 1.0],
                [0.972656, 0.056703, 0.225218, 0.124994, -0.039802, -0.914689, 0.402189, -0.002831, 0.22881, -0.400156, -0.887424, -1.2e-05, 0.0, 0.0, 0.0, 1.0],
                [0.972599, 0.0596, 0.224717, 0.124994, -0.023257, -0.93679, 0.349115, -0.002831, 0.23132, -0.344775, -0.909737, -1.2e-05, 0.0, 0.0, 0.0, 1.0],
                [0.975854, 0.063227, 0.209067, 0.124993, -0.002812, -0.953467, 0.301481, -0.002831, 0.218401, -0.294789, -0.930269, -1.2e-05, 0.0, 0.0, 0.0, 1.0],
                [0.981004, 0.069478, 0.181116, 0.124994, 0.020196, -0.965165, 0.260855, -0.002831, 0.192931, -0.252242, -0.948236, -1.2e-05, 0.0, 0.0, 0.0, 1.0],
                [0.986358, 0.079162, 0.144323, 0.124994, 0.044832, -0.972816, 0.227192, -0.002831, 0.158385, -0.217622, -0.963096, -1.2e-05, 0.0, 0.0, 0.0, 1.0],
                [0.990409, 0.092288, 0.10282, 0.124994, 0.07041, -0.977444, 0.199106, -0.002831, 0.118876, -0.189956, -0.974569, -1.2e-05, 0.0, 0.0, 0.0, 1.0],
                [0.992208, 0.108448, 0.061316, 0.124993, 0.096355, -0.980001, 0.174097, -0.002831, 0.07897, -0.166832, -0.982818, -1.2e-05, 0.0, 0.0, 0.0, 1.0],
                [0.991567, 0.127166, 0.024934, 0.124993, 0.122115, -0.981323, 0.148627, -0.00283, 0.043368, -0.144329, -0.988579, -1.2e-05, 0.0, 0.0, 0.0, 1.0],
                [0.988977, 0.148063, -0.000717, 0.124993, 0.147132, -0.98219, 0.11684, -0.002831, 0.016595, -0.115657, -0.99315, -1.2e-05, 0.0, 0.0, 0.0, 1.0],
                [0.985286, 0.17072, -0.007912, 0.124994, 0.17088, -0.983318, 0.062302, -0.002831, 0.002856, -0.062737, -0.998026, -1.2e-05, 0.0, 0.0, 0.0, 1.0],
                [0.981379, 0.192076, 0.00022, 0.124994, 0.192057, -0.981296, 0.013022, -0.00283, 0.002717, -0.012738, -0.999916, -1.2e-05, 0.0, 0.0, 0.0, 1.0],
                [0.977671, 0.209966, 0.008438, 0.124994, 0.209757, -0.977533, 0.020706, -0.002831, 0.012596, -0.018473, -0.99975, -1.2e-05, 0.0, 0.0, 0.0, 1.0],
                [0.974074, 0.224918, 0.024296, 0.124994, 0.224199, -0.974106, 0.029142, -0.002831, 0.030221, -0.022939, -0.99928, -1.2e-05, 0.0, 0.0, 0.0, 1.0],
                [0.970367, 0.237283, 0.045636, 0.124994, 0.235677, -0.97109, 0.037915, -0.002831, 0.053313, -0.026036, -0.998238, -1.2e-05, 0.0, 0.0, 0.0, 1.0],
                [0.966365, 0.247385, 0.070261, 0.124993, 0.244533, -0.96851, 0.046794, -0.002831, 0.079624, -0.028039, -0.99643, -1.2e-05, 0.0, 0.0, 0.0, 1.0],
                [0.962025, 0.255543, 0.095942, 0.124993, 0.251136, -0.966346, 0.055708, -0.002831, 0.106949, -0.029498, -0.993827, -1.2e-05, 0.0, 0.0, 0.0, 1.0],
                [0.957499, 0.262088, 0.120429, 0.124994, 0.255874, -0.964539, 0.064725, -0.00283, 0.133122, -0.031159, -0.99061, -1.2e-05, 0.0, 0.0, 0.0, 1.0],
                [0.953152, 0.267372, 0.14146, 0.124993, 0.259147, -0.962995, 0.07403, -0.002831, 0.156019, -0.033903, -0.987172, -1.2e-05, 0.0, 0.0, 0.0, 1.0],
                [0.949513, 0.280585, 0.140339, 0.124993, 0.261357, -0.954905, 0.140875, -0.002831, 0.173538, -0.097085, -0.98003, -1.2e-05, 0.0, 0.0, 0.0, 1.0],
                [0.947192, 0.287976, 0.141054, 0.124994, 0.262912, -0.949265, 0.172541, -0.002831, 0.183586, -0.126344, -0.97485, -1.2e-05, 0.0, 0.0, 0.0, 1.0],
                [0.945782, 0.29307, 0.140016, 0.124994, 0.264899, -0.945451, 0.1896, -0.002831, 0.187945, -0.14223, -0.971827, -1.2e-05, 0.0, 0.0, 0.0, 1.0],
                [0.944567, 0.296662, 0.140655, 0.124993, 0.267729, -0.943959, 0.193027, -0.002831, 0.190036, -0.144669, -0.971059, -1.2e-05, 0.0, 0.0, 0.0, 1.0],
                [0.943651, 0.296347, 0.147308, 0.124994, 0.270804, -0.947322, 0.17101, -0.002831, 0.190226, -0.121482, -0.974196, -1.2e-05, 0.0, 0.0, 0.0, 1.0],
                [0.943127, 0.297242, 0.148851, 0.124994, 0.273556, -0.948363, 0.160534, -0.002831, 0.188882, -0.110685, -0.975742, -1.2e-05, 0.0, 0.0, 0.0, 1.0],
                [0.943076, 0.301945, 0.139414, 0.124993, 0.275454, -0.944056, 0.181328, -0.002831, 0.186365, -0.132603, -0.973491, -1.2e-05, 0.0, 0.0, 0.0, 1.0],
                [0.943565, 0.305052, 0.128943, 0.124993, 0.276018, -0.939501, 0.202851, -0.002831, 0.183023, -0.155813, -0.970683, -1.2e-05, 0.0, 0.0, 0.0, 1.0],
                [0.944649, 0.306074, 0.11813, 0.124994, 0.274833, -0.934898, 0.224565, -0.002831, 0.179173, -0.179669, -0.967272, -1.2e-05, 0.0, 0.0, 0.0, 1.0],
                [0.946359, 0.304647, 0.107669, 0.124994, 0.271557, -0.930476, 0.245906, -0.002831, 0.175098, -0.203477, -0.963295, -1.2e-05, 0.0, 0.0, 0.0, 1.0],
                [0.948697, 0.300542, 0.09822, 0.124993, 0.265936, -0.926482, 0.266281, -0.00283, 0.171028, -0.226499, -0.958878, -1.2e-05, 0.0, 0.0, 0.0, 1.0],
                [0.951627, 0.293665, 0.090358, 0.124993, 0.257822, -0.923185, 0.285053, -0.002831, 0.167127, -0.247968, -0.954244, -1.2e-05, 0.0, 0.0, 0.0, 1.0],
                [0.955076, 0.28405, 0.084522, 0.124994, 0.247188, -0.920854, 0.301533, -0.002831, 0.163483, -0.267094, -0.949702, -1.2e-05, 0.0, 0.0, 0.0, 1.0],
                [0.958928, 0.271843, 0.080971, 0.124994, 0.234146, -0.919765, 0.314969, -0.002831, 0.160096, -0.283073, -0.945642, -1.2e-05, 0.0, 0.0, 0.0, 1.0],
                [0.963039, 0.257283, 0.07974, 0.124994, 0.218962, -0.92018, 0.324532, -0.002831, 0.156872, -0.295077, -0.942508, -1.2e-05, 0.0, 0.0, 0.0, 1.0],
                [0.967249, 0.240683, 0.080623, 0.124994, 0.20206, -0.922344, 0.32932, -0.002831, 0.153623, -0.302243, -0.940771, -1.2e-05, 0.0, 0.0, 0.0, 1.0],
                [0.9714, 0.222404, 0.083172, 0.124993, 0.184002, -0.92646, 0.328348, -0.002831, 0.150081, -0.303653, -0.940888, -1.2e-05, 0.0, 0.0, 0.0, 1.0],
                [0.975364, 0.202833, 0.08673, 0.124993, 0.165451, -0.932671, 0.320545, -0.00283, 0.145908, -0.298298, -0.943255, -1.2e-05, 0.0, 0.0, 0.0, 1.0],
                [0.979057, 0.182361, 0.090493, 0.124994, 0.147107, -0.941007, 0.304735, -0.00283, 0.140726, -0.28504, -0.948129, -1.2e-05, 0.0, 0.0, 0.0, 1.0],
                [0.982308, 0.174417, 0.068179, 0.124993, 0.130843, -0.89969, 0.416455, -0.002831, 0.133977, -0.400165, -0.906596, -1.2e-05, 0.0, 0.0, 0.0, 1.0],
                [0.985009, 0.161887, 0.05957, 0.124993, 0.118267, -0.885175, 0.449974, -0.00283, 0.125575, -0.436183, -0.891052, -1.2e-05, 0.0, 0.0, 0.0, 1.0],
                [0.987215, 0.150129, 0.053549, 0.124994, 0.109452, -0.882727, 0.456959, -0.00283, 0.115872, -0.445255, -0.887874, -1.2e-05, 0.0, 0.0, 0.0, 1.0],
                [0.988964, 0.140089, 0.048197, 0.124994, 0.104264, -0.88927, 0.445337, -0.002831, 0.105247, -0.435397, -0.894065, -1.2e-05, 0.0, 0.0, 0.0, 1.0],
                [0.990281, 0.132273, 0.042984, 0.124993, 0.102416, -0.902617, 0.41808, -0.002831, 0.094099, -0.409614, -0.907393, -1.2e-05, 0.0, 0.0, 0.0, 1.0],
                [0.991171, 0.127037, 0.037955, 0.124994, 0.103527, -0.920388, 0.377051, -0.002831, 0.082832, -0.369792, -0.925415, -1.2e-05, 0.0, 0.0, 0.0, 1.0],
                [0.99164, 0.1246, 0.0335, 0.124994, 0.107162, -0.939968, 0.323998, -0.002831, 0.071859, -0.317699, -0.945465, -1.2e-05, 0.0, 0.0, 0.0, 1.0],
                [0.991699, 0.124973, 0.030227, 0.124994, 0.112865, -0.958733, 0.260939, -0.00283, 0.06159, -0.255361, -0.964882, -1.2e-05, 0.0, 0.0, 0.0, 1.0],
                [0.991366, 0.127905, 0.028835, 0.124994, 0.120175, -0.974348, 0.190268, -0.00283, 0.052431, -0.18516, -0.981309, -1.2e-05, 0.0, 0.0, 0.0, 1.0],
                [0.99068, 0.132861, 0.029988, 0.124994, 0.12863, -0.98503, 0.114752, -0.002831, 0.044785, -0.109825, -0.992941, -1.2e-05, 0.0, 0.0, 0.0, 1.0],
                [0.989694, 0.139049, 0.034186, 0.124994, 0.137763, -0.989754, 0.037472, -0.002831, 0.039047, -0.032376, -0.998712, -1.2e-05, 0.0, 0.0, 0.0, 1.0],
                [0.988483, 0.145488, 0.041633, 0.124994, 0.14708, -0.988388, -0.038124, -0.00283, 0.035603, 0.043808, -0.998405, -1.2e-05, 0.0, 0.0, 0.0, 1.0],
                [0.987137, 0.151163, 0.052057, 0.124994, 0.156036, -0.98186, -0.107708, -0.002831, 0.034831, 0.114445, -0.992819, -1.2e-05, 0.0, 0.0, 0.0, 1.0],
                [0.985763, 0.155313, 0.064392, 0.124994, 0.163989, -0.972662, -0.164416, -0.00283, 0.037095, 0.172635, -0.984287, -1.2e-05, 0.0, 0.0, 0.0, 1.0],
                [0.984488, 0.158275, 0.075704, 0.124993, 0.170161, -0.966492, -0.192186, -0.00283, 0.042749, 0.202087, -0.978434, -1.2e-05, 0.0, 0.0, 0.0, 1.0],
                [0.98344, 0.161624, 0.081986, 0.124994, 0.173569, -0.970113, -0.169563, -0.00283, 0.05213, 0.180985, -0.982103, -1.2e-05, 0.0, 0.0, 0.0, 1.0],
                [0.982397, 0.164401, 0.088698, 0.124993, 0.175053, -0.975946, -0.12993, -0.002831, 0.065204, 0.143169, -0.987548, -1.2e-05, 0.0, 0.0, 0.0, 1.0],
                [0.981019, 0.166161, 0.099956, 0.124994, 0.176156, -0.979144, -0.101213, -0.00283, 0.081053, 0.116899, -0.989831, -1.2e-05, 0.0, 0.0, 0.0, 1.0],
                [0.979285, 0.167279, 0.114093, 0.124993, 0.176795, -0.981065, -0.079069, -0.00283, 0.098706, 0.097602, -0.990319, -1.2e-05, 0.0, 0.0, 0.0, 1.0],
                [0.977222, 0.167876, 0.12982, 0.124994, 0.176904, -0.982311, -0.061378, -0.002831, 0.11722, 0.082945, -0.989636, -1.2e-05, 0.0, 0.0, 0.0, 1.0],
                [0.974915, 0.168048, 0.145942, 0.124993, 0.176421, -0.98322, -0.046366, -0.00283, 0.135702, 0.07095, -0.988206, -1.2e-05, 0.0, 0.0, 0.0, 1.0],
                [0.972508, 0.167888, 0.161371, 0.124994, 0.17528, -0.983977, -0.032613, -0.002831, 0.15331, 0.060002, -0.986356, -1.2e-05, 0.0, 0.0, 0.0, 1.0],
                [0.970196, 0.167518, 0.175087, 0.124993, 0.173411, -0.984669, -0.018809, -0.002831, 0.169252, 0.04861, -0.984373, -1.2e-05, 0.0, 0.0, 0.0, 1.0],
                [0.968213, 0.167086, 0.186131, 0.124993, 0.170746, -0.985307, -0.003693, -0.002831, 0.182779, 0.035357, -0.982518, -1.2e-05, 0.0, 0.0, 0.0, 1.0],
                [0.966811, 0.166742, 0.193579, 0.124993, 0.167228, -0.985818, 0.013943, -0.002831, 0.193158, 0.018892, -0.980986, -1.2e-05, 0.0, 0.0, 0.0, 1.0],
                [0.966242, 0.16659, 0.196526, 0.124994, 0.162838, -0.986023, 0.035216, -0.00283, 0.199646, -0.002026, -0.979866, -1.2e-05, 0.0, 0.0, 0.0, 1.0],
                [0.966733, 0.166633, 0.194059, 0.124994, 0.157621, -0.985606, 0.061102, -0.002831, 0.201448, -0.028482, -0.979085, -1.2e-05, 0.0, 0.0, 0.0, 1.0],
                [0.967762, 0.167602, 0.188001, 0.124994, 0.152217, -0.983904, 0.093587, -0.00283, 0.20066, -0.061953, -0.9777, -1.2e-05, 0.0, 0.0, 0.0, 1.0],
                [0.968709, 0.169695, 0.181124, 0.124994, 0.147079, -0.9803, 0.131821, -0.002831, 0.199925, -0.101057, -0.974586, -1.2e-05, 0.0, 0.0, 0.0, 1.0],
                [0.969609, 0.172145, 0.173849, 0.124994, 0.142048, -0.974649, 0.172851, -0.002831, 0.199197, -0.142902, -0.969484, -1.2e-05, 0.0, 0.0, 0.0, 1.0],
                [0.970495, 0.174386, 0.166518, 0.124993, 0.136987, -0.96709, 0.214401, -0.002831, 0.198426, -0.185264, -0.962447, -1.2e-05, 0.0, 0.0, 0.0, 1.0],
                [0.971394, 0.176009, 0.159416, 0.124994, 0.131772, -0.957985, 0.254753, -0.002831, 0.197557, -0.226459, -0.953776, -1.2e-05, 0.0, 0.0, 0.0, 1.0],
                [0.972328, 0.176715, 0.152798, 0.124993, 0.126298, -0.947871, 0.29255, -0.002831, 0.196531, -0.265157, -0.943963, -1.2e-05, 0.0, 0.0, 0.0, 1.0],
                [0.973317, 0.176274, 0.146902, 0.124994, 0.120478, -0.937439, 0.326637, -0.002831, 0.195289, -0.300222, -0.933665, -1.2e-05, 0.0, 0.0, 0.0, 1.0],
                [0.974371, 0.174496, 0.141956, 0.124993, 0.114248, -0.927503, 0.355925, -0.00283, 0.193772, -0.330585, -0.92367, -1.2e-05, 0.0, 0.0, 0.0, 1.0],
                [0.975496, 0.171206, 0.138184, 0.124994, 0.107564, -0.919005, 0.379285, -0.002831, 0.191928, -0.355127, -0.914904, -1.2e-05, 0.0, 0.0, 0.0, 1.0],
                [0.976691, 0.166218, 0.135811, 0.124994, 0.100405, -0.913017, 0.395369, -0.002831, 0.189715, -0.372517, -0.908426, -1.2e-05, 0.0, 0.0, 0.0, 1.0],
                [0.977926, 0.160166, 0.134187, 0.124994, 0.092555, -0.907809, 0.40904, -0.002831, 0.187331, -0.387591, -0.902597, -1.2e-05, 0.0, 0.0, 0.0, 1.0],
                [0.979143, 0.153988, 0.132536, 0.124993, 0.08398, -0.900753, 0.426132, -0.002831, 0.185002, -0.406113, -0.8949, -1.2e-05, 0.0, 0.0, 0.0, 1.0],
                [0.9803, 0.147871, 0.130939, 0.124994, 0.074959, -0.891879, 0.446017, -0.002831, 0.182735, -0.427415, -0.885395, -1.2e-05, 0.0, 0.0, 0.0, 1.0],
                [0.981365, 0.141948, 0.129504, 0.124994, 0.06579, -0.881473, 0.467628, -0.00283, 0.180533, -0.450393, -0.874388, -1.2e-05, 0.0, 0.0, 0.0, 1.0],
                [0.982319, 0.136329, 0.128306, 0.124993, 0.056786, -0.870043, 0.489692, -0.002831, 0.178391, -0.473747, -0.862403, -1.2e-05, 0.0, 0.0, 0.0, 1.0],
                [0.983151, 0.131117, 0.12736, 0.124994, 0.048272, -0.858257, 0.510943, -0.002831, 0.176301, -0.496186, -0.850128, -1.2e-05, 0.0, 0.0, 0.0, 1.0],
                [0.983864, 0.126411, 0.126608, 0.124993, 0.040579, -0.846882, 0.530228, -0.002831, 0.174249, -0.516534, -0.838349, -1.2e-05, 0.0, 0.0, 0.0, 1.0],
                [0.984469, 0.122309, 0.125931, 0.124994, 0.034044, -0.83674, 0.546539, -0.00283, 0.172218, -0.533763, -0.827911, -1.2e-05, 0.0, 0.0, 0.0, 1.0],
                [0.984984, 0.118904, 0.125168, 0.124993, 0.029001, -0.82867, 0.558984, -0.002831, 0.170189, -0.54696, -0.819676, -1.2e-05, 0.0, 0.0, 0.0, 1.0],
                [0.985425, 0.116288, 0.12415, 0.124993, 0.02578, -0.823502, 0.566726, -0.002831, 0.168141, -0.555265, -0.814499, -1.2e-05, 0.0, 0.0, 0.0, 1.0],
                [0.985806, 0.114558, 0.122721, 0.124994, 0.024703, -0.822024, 0.568915, -0.002831, 0.166054, -0.557808, -0.813189, -1.2e-05, 0.0, 0.0, 0.0, 1.0],
                [0.98613, 0.113835, 0.12078, 0.124993, 0.026075, -0.824944, 0.564611, -0.00283, 0.163909, -0.55363, -0.816472, -1.2e-05, 0.0, 0.0, 0.0, 1.0],
